4
linear   essential      -0.250000   0.750000
linear   non-essential   0.000000   1.000000
linear   essential       0.000000   1.000000
linear   essential       0.000000   1.000000

0 1
significant   elliptical     1
	  0.355469  0.435156  0.246094  0.273438
	  0.000400  0.000400  0.000400  0.000400

1 1
significant   elliptical     1
	  0.351562  0.269141  0.261719  0.144531
	  0.000400  0.000400  0.000400  0.000400

2 1
significant   elliptical     1
	  0.347656  0.383594  0.250000  0.210938
	  0.000400  0.000400  0.000400  0.000400

3 1
significant   elliptical     1
	  0.363281  0.376563  0.250000  0.207031
	  0.000400  0.000400  0.000400  0.000400

4 1
significant   elliptical     1
	  0.324219  0.322656  0.214844  0.207031
	  0.000400  0.000400  0.000400  0.000400

5 1
significant   elliptical     1
	  0.347656  0.332031  0.218750  0.195312
	  0.000400  0.000400  0.000400  0.000400

6 1
significant   elliptical     1
	  0.359375  0.383203  0.234375  0.234375
	  0.000400  0.000400  0.000400  0.000400

7 1
significant   elliptical     1
	  0.433594  0.301562  0.253906  0.218750
	  0.000400  0.000400  0.000400  0.000400

8 1
significant   elliptical     1
	  0.390625  0.387109  0.253906  0.207031
	  0.000400  0.000400  0.000400  0.000400

9 1
significant   elliptical     1
	  0.406250  0.397656  0.238281  0.234375
	  0.000400  0.000400  0.000400  0.000400
