4
linear   essential      -0.250000   0.750000
linear   non-essential   0.000000   1.000000
linear   essential       0.000000   1.000000
linear   essential       0.000000   1.000000

0 1
significant   elliptical    10
	  0.289844  0.352617  0.192969  0.199218
	  0.000739  0.000786  0.000400  0.000610

1 1
significant   elliptical     5
	  0.253125  0.198047  0.206250  0.101563
	  0.002567  0.001758  0.001102  0.000687

2 1
significant   elliptical     4
	  0.283203  0.319824  0.207031  0.159180
	  0.002579  0.001897  0.000977  0.001377

3 1
significant   elliptical     4
	  0.302735  0.281836  0.208984  0.141602
	  0.002162  0.004769  0.000900  0.001957

4 1
significant   elliptical     1
	  0.332031  0.316406  0.210938  0.203125
	  0.000400  0.000400  0.000400  0.000400

5 1
significant   elliptical    21
	  0.277158  0.231678  0.196428  0.113467
	  0.000400  0.000461  0.000400  0.000400

6 1
significant   elliptical    25
	  0.273438  0.313578  0.172812  0.146875
	  0.000400  0.000400  0.000400  0.000400

7 1
significant   elliptical    96
	  0.289062  0.194141  0.171875  0.128906
	  0.000400  0.000400  0.000400  0.000400

8 1
significant   elliptical    30
	  0.277344  0.306589  0.183594  0.121094
	  0.000400  0.000400  0.000400  0.000400

9 1
significant   elliptical    10
	  0.285156  0.287500  0.171875  0.144531
	  0.000400  0.000400  0.000400  0.000400
